4624
7124
2389
8992
1382
9827
6009
7736
6722
2578
9545
278
4450
7054
6928
4939
1325
3763
2688
912
3010
2436
9605
4883
4039
7350
5159
1718
2951
8646
613
8367
5758
4816
1842
3440
6353
8603
2199
1733
9617
1568
542
2561
280
9841
4477
9139
7021
3250
4637
9997
4055
1962
4561
9316
1664
8182
5760
6145
8396
3838
2757
3956
9744
7651
1887
1221
4504
7977
9607
8993
5970
9313
9305
1357
2466
3517
6371
8549
7533
5677
5954
2931
6921
3175
2806
2324
7539
9718
4893
2312
6675
4793
786
3411
6994
7896
8206
5167
1727
5947
5244
8277
8199
2462
9882
5558
5214
4558
7540
2642
502
4678
4882
3356
8617
4968
7867
7564
4534
2773
6026
2961
2823
2154
5467
1156
227
638
9302
7519
387
9004
1179
269
6569
5551
6363
3386
3187
2654
9949
2557
4168
5233
6106
4162
3959
6188
4282
7475
5850
195
159
8013
3728
4292
7305
1140
135
2021
3852
2456
8575
2076
737
7229
5323
4619
6639
1212
2903
466
3416
38
7392
6826
3257
4737
2977
4831
9467
1021
1330
7808
7183
709
3638
4633
6635
6643
2775
7366
2496
9537
3
5856
9681
762
4798
8416
3604
7599
5282
5720
8519
182
2749
3863
7371
9954
2959
5667
2518
7063
8691
1984
6668
4849
9197
5835
2139
271
6313
1067
1692
6946
1135
3727
7328
7132
8002
8887
185
9047
7521
4438
340
9132
7365
3503
7500
8271
6616
7897
8065
7797
9412
9852
6649
1883
1368
3743
7758
6372
6505
5
2000
3189
9396
6111
9934
1056
8
5021
2625
446
7595
2731
7216
4138
8531
3582
8523
501
4609
9708
2128
7800
242
9419
6064
5715
87
1230
1513
4713
8404
938
4091
5260
8671
7165
2785
8014
8051
747
8200
527
2448
699
927
6450
3602
6748
2461
2910
3417
2152
6463
7420
9283
4402
1224
4620
6624
8867
145
8170
718
2037
2450
5090
9233
4255
1645
1961
3236
3382
3171
1184
7195
404
9345
8279
1486
2169
6296
2832
993
4387
7335
8741
2301
2626
6929
8901
4902
7741
139
822
7910
1779
8242
1914
8012
4944
8278
715
9584
8856
8410
9383
802
8480
8634
7136
6752
3809
1089
4519
4871
9996
2088
9898
1366
6971
1070
50
8344
4197
3848
383
4328
3477
3133
3633
2523
932
7547
5917
1457
4714
9967
8422
7713
8944
4334
916
2026
6798
7802
4453
4028
2845
6983
8645
7825
5747
2255
2543
5753
7637
5230
7988
9106
465
9469
3149
6566
838
707
7383
2602
9729
8973
5799
5310
9757
6604
7008
215
8927
388
493
7245
1381
320
3697
4963
6799
893
3254
6202
3610
5981
2377
4015
2981
1869
883
4549
5183
5117
3656
6659
65
88
2316
8790
8083
7386
6882
4487
9799
3290
3621
8171
7971
1057
2663
4515
1723
5093
1079
8899
736
5825
7926
3659
6367
3746
4388
6665
1901
8003
8450
2401
9845
1415
8293
9100
9626
9837
8785
7373
6935
4572
6975
2694
378
8068
3795
9276
5430
928
4473
8543
9370
8345
8408
4462
771
7427
9281
8552
4441
8727
4064
1943
9328
3055
2969
1284
1373
9751
9145
2372
6684
3034
9880
6400
7656
6909
1782
4611
8611
982
1892
2942
1154
597
636
7858
1297
5400
4522
8990
2877
3685
7153
6478
7345
973
6645
5121
9646
7416
5268
5067
8378
3335
5889
3678
461
7382
7552
9905
9737
4767
9805
8752
5892
7231
3319
8157
7876
7993
4080
5888
8119
1335
5949
3465
1231
2298
5650
3198
358
1676
6966
9771
8928
9248
2551
6854
4063
2550
2249
2675
2770
1236
4139
220
8485
5267
9740
6531
2953
1925
3239
5822
16
9815
8449
1300
8138
1835
15
4090
59
3708
2601
6227
2229
4540
1673
6237
1260
3047
949
671
716
8949
2040
1413
7561
6516
3410
1404
7985
1340
4276
396
2896
9870
2769
1879
1580
482
9240
3914
7190
1841
5312
3723
8297
8465
5255
8905
6107
5526
7576
6867
419
2079
9445
5513
5487
789
1478
3749
4053
6037
2535
4505
677
3409
9821
4757
2042
2205
8121
1141
9332
9746
2483
3750
3850
9542
6542
2273
5097
5664
5824
6047
6131
1507
5189
2360
468
58
1897
8219
5800
9202
4149
9208
4296
6667
3284
4421
7143
1186
7088
2501
6961
3293
5040
7103
6172
5539
8883
7446
3229
681
508
7675
2711
6745
5397
3234
9621
2459
9534
4044
6831
8756
1904
3271
820
5974
4048
4608
2979
5746
9611
8556
6868
2172
7968
1213
8074
8511
6560
4476
5818
6713
7880
756
3107
8570
817
3981
6532
1637
2600
4037
8779
6608
8395
6930
1660
7673
2268
8546
5997
6149
2265
1323
2059
9351
8561
1623
9033
1738
129
3372
4158
5703
9848
6179
174
3400
2963
1698
4206
5350
3136
9743
7406
2582
1409
4074
4056
5689
4858
7954
1488
3365
9391
1096
4554
9461
9625
1808
4004
2281
4103
8059
3076
210
9497
9439
4817
4428
9976
4370
8313
7525
3533
1189
9684
492
2530
8534
3067
4422
6429
4184
2080
3390
6230
6415
8650
503
651
1834
1214
9523
6991
6211
593
4815
1905
9444
3711
659
1980
5996
3516
6413
8009
123
1847
393
3063
3262
3589
6194
1265
333
6267
6533
6033
5631
9984
6376
9662
8132
6992
4581
5051
6176
4201
4348
1493
6893
7625
5944
1872
7824
8809
6214
2073
4117
3762
808
7899
206
2709
7967
3811
7492
9736
3798
9028
2831
6633
8166
7070
4539
142
6524
3858
924
7122
2130
7333
5967
3807
8299
3426
2620
4894
9508
5083
3475
563
1145
2126
7320
1187
7821
5950
2997
991
8541
5700
86
1380
8717
6750
3732
5426
734
149
4595
2004
5438
7563
1751
9239
6374
1489
790
4350
3269
6360
7828
3650
3456
3122
3195
3561
8702
9164
2914
1990
705
623
104
1538
8555
5344
7201
5901
3281
4011
5986
2859
9908
5579
7950
436
6204
6508
5971
4718
281
6471
1442
5775
6899
8052
169
8527
1552
4058
