7926
3035
3632
360
3504
62
291
6518
3674
3404
7917
896
4019
4441
6469
7705
8996
4827
3216
5151
4113
1640
7064
365
1884
1041
2875
3902
609
859
5156
4825
3016
9397
7868
7934
5922
5151
2640
119
1434
2971
3415
3153
267
1393
2511
730
9025
6750
6685
4228
6011
1413
3343
9099
8042
8826
4974
2336
6479
5863
1162
4175
1450
7450
280
7847
2040
5737
3401
959
616
506
9570
4127
2688
7735
9420
241
2641
6205
6909
5458
8903
4183
5032
6343
2262
8236
2033
5965
9762
1914
4968
3275
2527
2748
1494
9137
4128
1213
209
9915
8633
1917
3228
2338
1447
7105
7402
2308
1144
2968
9063
5062
7576
6283
6829
2873
276
4665
802
2801
8022
4771
4324
9009
9156
3239
4983
3187
5384
1000
3603
6889
5904
3072
5201
97
8981
1132
9510
8275
6317
9677
9046
8447
9486
9423
4624
1681
8467
8428
629
8791
73
6064
638
7247
6014
8278
4219
807
5155
1981
3673
3595
5661
5640
1004
9445
25
5829
8259
5938
3557
9000
8881
4775
116
9430
6706
8092
7821
9850
1734
6309
6188
3618
9243
7073
8033
2734
255
5846
3318
4283
2215
9692
4131
780
6241
8127
4444
4185
8029
7059
729
8326
1485
2172
4666
7897
7712
9737
6955
4083
8603
6761
3229
6720
1866
8109
4846
3530
5462
7634
3744
5088
1888
4977
2842
9296
4990
1252
5919
6247
9637
4429
2407
9613
5100
4772
9688
2252
783
5845
236
9463
1335
6708
8725
736
8992
9702
8307
3681
4628
2706
9207
4812
6747
8164
5504
1473
5618
230
470
9345
6122
1385
8623
2302
2537
8821
3351
1353
4128
3811
8323
6516
1578
9586
7809
3369
2690
2681
4629
5215
8882
6681
4772
489
2244
1452
9888
4057
3279
9829
8424
4920
8109
8364
1019
7958
7522
2333
2745
8062
9513
3809
3317
3951
5801
9695
1268
3432
6479
4092
2350
2872
5995
2222
4024
347
4927
4413
6923
7496
8168
202
9385
1044
407
5685
6326
9339
6372
8296
2852
5286
3576
3257
5922
6576
6381
3589
9445
1090
5719
7508
1487
1743
4109
7915
4821
8545
4238
4173
7448
1029
5382
9675
530
7147
5444
7972
9553
7562
104
1648
9092
4951
9750
8043
6360
1545
8791
2627
8051
7929
5144
7939
4119
2699
3132
3327
1091
5393
921
5112
7458
2307
3301
6460
1174
9364
5642
7239
1905
2153
8437
8301
9428
5264
2013
678
8022
8729
1016
8821
5737
4646
5629
4876
2808
8915
2898
619
671
7105
2929
8287
5838
5435
2213
4848
6686
2352
4151
3203
6372
523
6021
2790
9727
2664
2533
4600
7790
5343
1656
7702
2325
9400
1079
3672
3343
1407
7623
2305
7717
6784
2561
9314
6358
4451
6081
9492
7621
4069
713
7288
7130
726
9733
674
147
6548
5723
7242
813
9716
1015
2646
2255
6632
9947
2581
6334
2810
4680
6257
6232
9624
5070
7097
2356
2772
2568
9108
7595
662
6380
1004
9881
982
983
3720
6160
6032
11
2229
7833
7790
2456
3085
9249
8157
5243
2402
7368
333
7099
2122
27
8161
1816
3758
6996
7882
7391
8327
4029
189
4655
7950
5271
6980
9063
4726
4135
2873
7596
4058
2100
9185
2265
5403
8115
4348
2012
1485
9603
1469
4343
5716
916
7876
8466
1254
3760
2587
8573
7813
331
3000
5925
7987
1353
1189
5396
4068
1774
1866
9517
5350
2830
3538
6466
4938
1392
223
3579
6340
3042
7791
2276
2487
2602
5508
5747
2056
2360
2066
6081
3607
7818
6729
4308
8425
5203
4681
8789
6622
3957
1210
9885
1074
6057
8277
126
9818
1324
2815
1758
3084
3171
7132
4709
259
8871
3079
9664
5049
2077
5063
2947
87
2611
5625
3037
9710
608
9218
2961
9189
979
7285
7515
423
9001
2433
6405
9340
7037
6783
350
1964
6754
8446
7664
1271
7151
8
2188
6236
3591
332
4516
9196
9001
1962
6554
3630
2534
7822
2466
5502
7332
5366
5665
4902
1740
9952
8644
460
2442
2017
6162
5235
4358
7208
7719
771
9903
1396
7008
2450
5352
8088
2851
5020
5181
5524
6664
6116
2300
55
110
8109
3027
1904
9340
3140
7966
9508
5914
669
9040
552
9591
9299
5692
4333
3312
7237
9092
7174
3331
4041
572
1476
9255
7615
6483
8777
4996
342
2751
4299
8171
3123
4861
6543
4666
2199
1862
6982
8190
2912
7721
2322
1932
2756
7475
2713
6289
4358
4908
1387
7261
6220
6871
6118
1699
6132
6971
909
3534
9800
6973
5631
1676
122
8064
4259
384
675
1433
4311
9754
5195
7991
7931
8294
8735
10
6293
9057
9381
7405
4316
4063
6182
3191
1520
2653
2767
3933
3393
343
4857
5647
8836
112
9610
9374
3668
3391
2351
7226
1309
2908
9311
2665
6288
1747
2870
192
1501
6403
5312
8114
6366
5460
1776
3803
4449
85
423
8998
6110
9258
64
580
6594
3218
7014
7131
8558
4261
3942
4460
8832
1143
1011
8711
6551
487
2351
2264
2752
1727
7398
9069
714
9247
2401
1011
7456
4434
1936
1870
1551
2278
3350
9729
2606
7812
8568
7757
9433
9019
8395
3600
765
8940
80
587
7137
6546
5093
1842
4374
5115
4329
9021
3424
4029
5266
942
3419
1378
4744
6859
8138
5729
3435
619
3098
8967
1564
5080
700
7718
5538
179
8676
3266
4437
9987
477
5382
5926
7960
9430
8023
6804
3371
2868
9071
5609
1118
7421
380
733
409
921
498
9386
4600
9023
8002
9610
6330
2274
9984
1574
6946
219
850
6072
6697
7199
8485
1850
3647
4957
757
3329
1814
756
9694
4011
8493
1977
8915
1412
244
7186
7536
8126
364
3428
4149
6649
6551
6262
7806
5611
211
6689
881
7398
2714
1903
7107
7199
725
5489
3058
8448
9878
4119
7045
6156
9328
4660
1148
8427
895
3936
7254
5579
642
5701
6172
9414
5824
1878
5830
9098
977
3747
9377
3176
7468
9309
3025
7467
5526
8025
5716
4902
4317
2275
1705
8326
